# Frozen H22 quartile sharp avg16 (8/16/24): model_layer nominal_slab_budget
# Rank source: perf/k3-layer-major-prefill@102cf35a results/kimi_h22_layer_behavior_atlas.json
1 16
2 16
3 24
4 24
5 16
6 16
7 24
8 24
9 16
10 16
11 24
12 8
13 8
14 16
15 16
16 16
17 24
18 24
19 24
20 16
21 8
22 16
23 16
24 16
25 16
26 16
27 16
28 16
29 24
30 16
31 16
32 24
33 16
34 16
35 16
36 16
37 16
38 8
39 8
40 16
41 16
42 24
43 24
44 16
45 24
46 16
47 16
48 24
49 8
50 16
51 16
52 24
53 16
54 24
55 8
56 16
57 8
58 8
59 8
60 8
61 16
62 8
63 16
64 24
65 16
66 16
67 16
68 8
69 8
70 16
71 16
72 24
73 16
74 24
75 16
76 8
77 8
78 8
79 24
80 16
81 16
82 24
83 16
84 8
85 8
86 8
87 24
88 8
89 8
90 16
91 8
92 24
