# Frozen H22 quartile conservative avg16 (12/16/20): model_layer nominal_slab_budget
# Rank source: perf/k3-layer-major-prefill@102cf35a results/kimi_h22_layer_behavior_atlas.json
1 16
2 16
3 20
4 20
5 16
6 16
7 20
8 20
9 16
10 16
11 20
12 12
13 12
14 16
15 16
16 16
17 20
18 20
19 20
20 16
21 12
22 16
23 16
24 16
25 16
26 16
27 16
28 16
29 20
30 16
31 16
32 20
33 16
34 16
35 16
36 16
37 16
38 12
39 12
40 16
41 16
42 20
43 20
44 16
45 20
46 16
47 16
48 20
49 12
50 16
51 16
52 20
53 16
54 20
55 12
56 16
57 12
58 12
59 12
60 12
61 16
62 12
63 16
64 20
65 16
66 16
67 16
68 12
69 12
70 16
71 16
72 20
73 16
74 20
75 16
76 12
77 12
78 12
79 20
80 16
81 16
82 20
83 16
84 12
85 12
86 12
87 20
88 12
89 12
90 16
91 12
92 20
