# H23 PROJECTED slab-only allocation: model_layer nominal_slab_budget
1 48
2 72
3 120
4 96
5 48
6 72
7 120
8 96
9 48
10 48
11 96
12 24
13 24
14 48
15 48
16 48
17 96
18 96
19 96
20 72
21 24
22 72
23 72
24 24
25 24
26 24
27 24
28 48
29 48
30 24
31 24
32 72
33 48
34 24
35 72
36 24
37 24
38 24
39 24
40 48
41 24
42 72
43 96
44 48
45 96
46 24
47 48
48 72
49 24
50 48
51 48
52 96
53 72
54 96
55 48
56 48
57 24
58 48
59 48
60 48
61 72
62 24
63 72
64 120
65 72
66 48
67 72
68 48
69 24
70 48
71 48
72 96
73 72
74 120
75 72
76 48
77 48
78 48
79 96
80 72
81 48
82 96
83 48
84 24
85 24
86 48
87 96
88 24
89 24
90 72
91 48
92 120
