# H22 behavioral allocation: model_layer nominal_slab_budget
1 168
2 168
3 168
4 168
5 144
6 168
7 168
8 168
9 144
10 144
11 168
12 144
13 144
14 144
15 144
16 144
17 168
18 168
19 168
20 144
21 120
22 144
23 144
24 144
25 144
26 144
27 144
28 168
29 144
30 144
31 144
32 168
33 144
34 144
35 144
36 144
37 144
38 120
39 120
40 144
41 144
42 144
43 168
44 144
45 168
46 144
47 144
48 144
49 120
50 144
51 144
52 168
53 144
54 168
55 120
56 144
57 120
58 120
59 120
60 120
61 144
62 120
63 144
64 168
65 144
66 144
67 144
68 120
69 120
70 144
71 144
72 144
73 144
74 168
75 144
76 120
77 120
78 120
79 168
80 144
81 144
82 168
83 144
84 96
85 120
86 120
87 168
88 96
89 120
90 144
91 120
92 168
