# H22 behavioral allocation: model_layer nominal_slab_budget
1 96
2 120
3 144
4 144
5 96
6 120
7 144
8 120
9 72
10 96
11 144
12 48
13 48
14 96
15 72
16 96
17 144
18 144
19 144
20 96
21 72
22 96
23 120
24 48
25 72
26 72
27 96
28 96
29 120
30 72
31 72
32 120
33 96
34 72
35 96
36 72
37 72
38 48
39 72
40 96
41 72
42 120
43 144
44 96
45 144
46 72
47 96
48 120
49 72
50 96
51 96
52 120
53 120
54 144
55 72
56 96
57 72
58 72
59 72
60 72
61 120
62 48
63 96
64 144
65 96
66 96
67 96
68 72
69 72
70 96
71 96
72 120
73 96
74 144
75 96
76 72
77 72
78 72
79 120
80 96
81 96
82 144
83 96
84 48
85 72
86 72
87 120
88 48
89 48
90 120
91 72
92 144
