# H22 behavioral allocation: model_layer nominal_slab_budget
1 144
2 144
3 168
4 144
5 120
6 144
7 168
8 144
9 120
10 120
11 168
12 96
13 96
14 120
15 120
16 120
17 144
18 144
19 144
20 120
21 96
22 144
23 144
24 96
25 96
26 96
27 120
28 144
29 144
30 96
31 120
32 144
33 120
34 96
35 120
36 96
37 96
38 96
39 96
40 120
41 120
42 144
43 144
44 120
45 144
46 96
47 120
48 144
49 96
50 120
51 120
52 144
53 120
54 144
55 96
56 120
57 96
58 96
59 96
60 96
61 120
62 72
63 120
64 144
65 120
66 120
67 120
68 96
69 96
70 120
71 120
72 144
73 120
74 144
75 120
76 96
77 96
78 96
79 144
80 120
81 120
82 144
83 120
84 72
85 96
86 96
87 144
88 72
89 96
90 144
91 96
92 168
