# H23 PROJECTED slab-only allocation: model_layer nominal_slab_budget
1 24
2 24
3 72
4 72
5 24
6 24
7 96
8 72
9 24
10 24
11 72
12 24
13 24
14 24
15 24
16 24
17 72
18 72
19 72
20 24
21 24
22 24
23 48
24 24
25 24
26 24
27 24
28 24
29 24
30 24
31 24
32 48
33 24
34 24
35 24
36 24
37 24
38 24
39 24
40 24
41 24
42 24
43 72
44 24
45 72
46 24
47 24
48 24
49 24
50 24
51 24
52 48
53 24
54 72
55 24
56 24
57 24
58 24
59 24
60 24
61 48
62 24
63 48
64 72
65 24
66 48
67 48
68 24
69 24
70 48
71 24
72 72
73 48
74 96
75 48
76 24
77 24
78 24
79 72
80 24
81 24
82 72
83 24
84 24
85 24
86 24
87 72
88 24
89 24
90 48
91 24
92 96
