# H23 PROJECTED slab-only allocation: model_layer nominal_slab_budget
1 48
2 48
3 120
4 96
5 48
6 48
7 120
8 96
9 48
10 48
11 96
12 24
13 24
14 24
15 24
16 48
17 96
18 96
19 96
20 48
21 24
22 72
23 72
24 24
25 24
26 24
27 24
28 48
29 48
30 24
31 24
32 72
33 24
34 24
35 48
36 24
37 24
38 24
39 24
40 48
41 24
42 72
43 96
44 48
45 96
46 24
47 48
48 48
49 24
50 48
51 24
52 96
53 48
54 96
55 24
56 48
57 24
58 24
59 48
60 24
61 72
62 24
63 48
64 96
65 48
66 48
67 72
68 48
69 24
70 48
71 48
72 72
73 72
74 120
75 72
76 48
77 24
78 24
79 96
80 48
81 48
82 96
83 48
84 24
85 24
86 24
87 96
88 24
89 24
90 72
91 24
92 120
