# H23 PROJECTED slab-only allocation: model_layer nominal_slab_budget
1 96
2 96
3 144
4 120
5 96
6 96
7 144
8 120
9 72
10 72
11 144
12 24
13 48
14 72
15 72
16 72
17 120
18 144
19 144
20 96
21 48
22 96
23 96
24 48
25 48
26 48
27 72
28 96
29 96
30 48
31 72
32 120
33 72
34 48
35 96
36 48
37 48
38 48
39 48
40 96
41 72
42 96
43 120
44 72
45 120
46 48
47 96
48 96
49 48
50 72
51 72
52 120
53 96
54 144
55 48
56 72
57 48
58 72
59 72
60 72
61 96
62 48
63 72
64 120
65 96
66 96
67 96
68 72
69 48
70 96
71 72
72 120
73 96
74 144
75 96
76 72
77 48
78 72
79 120
80 96
81 72
82 144
83 96
84 24
85 48
86 48
87 120
88 24
89 24
90 96
91 48
92 144
